J_100 eigenvalues lambda_n (descending) -> gamma_n = 1/sqrt(lambda_n)
  n                           lambda_n              gamma_est            known gamma      rel err  lock
---------------------------------------------------------------------------------------------------------
  1 0.00500524412359411607880940123479   14.13472514173469379     14.134725141734695     8.56e-17  LOCK
  2 0.00226282151146962856021262090205  21.022039638771554993     21.022039638771556     4.79e-17  LOCK
  3 0.00159861113458987943384650954819  25.010857580145688763     25.010857580145689     4.94e-17  LOCK
  4 0.00108029499155581621321151495324   30.42487612585951321     30.424876125859512     3.98e-17  LOCK
  5 0.000921898355351295282620778465392  32.935061587739189691     32.935061587739192     9.39e-18  LOCK
  6 0.000707853956761129719271929739541  37.586178158825671257     37.586178158825675     9.96e-17  LOCK
  7 0.000597249701344294179016856268779  40.918719012147495187     40.918719012147498     1.18e-16  LOCK
  8 0.000532698277695310225694286940996  43.327073280914999519     43.327073280915002     1.11e-17  LOCK
  9 0.000433934641706922775368732727928  48.005150881167159728     48.005150881167161     5.67e-18  LOCK
 10 0.000403643382119668317587791330824  49.773832477672302182     49.773832477672300     4.38e-17  LOCK
 11 0.000356397609699666078796264999584  52.970321477714460644     52.970321477714464     6.34e-17  LOCK
 12 0.000313855573698768980595211172234  56.446247697063394804     56.446247697063392     8.51e-17  LOCK
 13 0.00028392381090660664635827093117   59.34704400260235308     59.347044002602352     5.19e-17  LOCK
 14 0.00027023336672937251178826628197  60.831778524609809844     60.831778524609817     1.67e-16  LOCK
 15 0.000235868894489911729344352181184  65.112544048081606661     65.112544048081602     1.02e-16  LOCK
 16 0.000222236989590021743559311917368  67.079810529494173714     67.079810529494097     1.10e-15  LOCK
 17 0.000206752452780130895112355057703  69.546401711173979253     69.546401711173999     2.98e-16  LOCK
 18 0.000192541881914029312678906270658  72.067157674481907583     72.067157652548801     3.04e-10  LOCK
 19 0.000174483522853402784238298095573  75.704690699083933168     75.704690699083798     1.76e-15  LOCK
 20 0.00016802977039322345630713480018  77.144840068874805373     77.144840068874799     6.96e-17  LOCK
 21 0.00015887089627624244768559132833  79.337375020249367923     79.337375020248999     4.64e-15  LOCK
 22 0.000145472927871404127942034476741  82.910380854086030183     82.910380854086000     3.64e-16  LOCK
 23 0.000139273753129795974153597830428  84.735492980517050106     84.735492980516995     5.91e-16  LOCK
 24 0.000130835617868741458097989802223  87.425274613125229407     87.425274613019994     1.20e-12  LOCK
 25 0.000126789985618947912057675829672  88.809111207634465424     88.809111208019999     4.34e-12  LOCK
 26 0.00011689410359887925537207967943  92.491899270558484296     92.491899270559998     1.64e-14  LOCK
 27 0.000111621133760533803905347946692  94.651344040519886967     94.651344040520001     1.19e-15  LOCK
 28 0.000108799975890244243476348461441  95.870634228245309759     95.870634228239993     5.54e-14  LOCK
 29 0.000102379242921690207462141021777  98.831194218193692233     98.831194218099995     9.48e-13  LOCK
 30 0.0000974154992718074404363435165211  101.31785100573139123    101.317851005700007     3.10e-13  LOCK
 31 0.000092945551242603054828474125589  103.72553804047833942    103.725535887999996     2.08e-08  LOCK
 32 0.0000899362236891506755168367374957  105.44662305232609449    105.446623801000001     7.10e-09  LOCK
 33 0.0000870692482265996962106887508889  107.16861118427640752    107.168620000000004     8.23e-08  LOCK
 34 0.0000811190682883614954194102148716  111.02953554316967452    111.029534999999996     4.89e-09  LOCK
 35 0.0000798981179725967471530645614695  111.87465917699263709    111.874660000000006     7.36e-09  LOCK
 36 0.0000765162874385111704487365512715  114.32022091545271277    114.320234999999997     1.23e-07  LOCK
 37 0.0000740266903111916452781175786741  116.22668032085755438    116.226630000000000     4.33e-07  LOCK
 38 0.000070865443766138311681583089975  118.79078286597621732    118.790760000000006     1.92e-07  LOCK
 39 0.0000678854031579638616954948567213  121.37012500242064592    121.370080000000002     3.71e-07  LOCK
 40 0.0000661554051992455064547828749564   122.9468292935525882    122.946830000000006     5.75e-09  LOCK
 41 0.0000647678588962883929414281936877  124.25681855434576718    124.256799999999998     1.49e-07  LOCK
 42 0.0000614987062480015180564876488716  127.51668387959649512    127.516850000000005     1.30e-06  LOCK
 43 0.0000595569892112219483912946097105  129.57870419995605099    129.580230000000000     1.18e-05      
 44 0.0000581937292002196824830530714231  131.08768853093265674    131.087600000000009     6.75e-07  LOCK
 45 0.0000561115403746702069616784895641  133.49773720299759026    133.497600000000006     1.03e-06  LOCK
 46 0.0000550681506554060560997601737261  134.75650975337390627    134.756499999999988     7.24e-08  LOCK
 47 0.0000524217785117412386210713673624  138.11604205455373037    138.116000000000014     3.04e-07  LOCK
 48 0.0000512132204704260566083266413381  139.73620895331354634    139.736199999999997     6.41e-08  LOCK
 49 0.0000502111358317331874925727051992  141.12370741452722016    141.123400000000004     2.18e-06  LOCK
 50 0.0000488257398990842410876241046699   143.1118458853044767    143.111799999999988     3.21e-07  LOCK
 51 0.0000469124808258888810829620810733  146.00098979628602654    146.000900000000001     6.15e-07  LOCK
 52 0.0000460119369662644156478473938256   147.4228293376174969
 53 0.0000444102512536044007391126877869  150.05773432496754389
 54 0.0000438947678235169864644148075936  150.93627297872345535
 55 0.0000426993143087653535930144861751  153.03457069143589696
 56 0.0000409794204562823328321363769619  156.21297158601463659
 57 0.0000399811618230490019596741398552  158.15112838092163164
 58 0.0000387763308424905069548837297956  160.58931437569688604
 59 0.0000377151081021294049146957062195  162.83296148293978066
 60 0.0000362795039608845258370619205208  166.02341002601204247
 61 0.0000349845119002723404080005841218  169.06826288667997403
 62 0.0000335435610704467047003632074959  172.66146310587792064
 63 0.0000324649245140436989104174451448  175.50633665978627996
 64 0.000031117848930060440339889306527  179.26488050682077342
 65 0.0000296595376092079725898615618518  183.61908205421060002
 66 0.000028519985190783923576602343033  187.25152018414330233
 67 0.0000270308765871359694612792936118   192.3401432429967025
 68 0.0000257588707635397793763392345817  197.03192023342779057
 69 0.000024292470384829367082583393295  202.89164299274982254
 70 0.000023014807406184259555232560641  208.44732563107968329
 71 0.0000217627500692848153130346789128   214.3596862681031261
 72 0.000020403049056698563533679431656  221.38717734494676469
 73 0.0000191193719108707264659914945679  228.69843325862113516
 74 0.0000179162210581092054741352663205  236.25270724696361117
 75 0.000016732790545462126473763990701  244.46450608528541365
 76 0.0000155581911329372214298198551375  253.52479997800242234
 77 0.0000144059955467841639073215966538  263.46829556600770129
 78 0.0000132848683832730945204528702819  274.36036499607489876
 79 0.0000121985683401707265927975404271  286.31596711983877614
 80 0.0000111492296472976574535264262202  299.48672005447483024
 81 0.0000101385953157877310973186888162  314.05890039914089159
 82 0.00000916830150748742366473935697736  330.25968055957511588
 83 0.0000082399181747126988150548088188  348.36823684252198946
 84 0.00000735494578643082856100153675148   368.7315186415211071
 85 0.00000651480882203116610511480443471  391.78622476471537835
 86 0.00000572085153992123713003276712697  418.08988551238036674
 87 0.00000497433563991777973714682714548  448.36577798085029063
 88 0.00000427643901134172368462634834912  483.56945289457934935
 89 0.0000036282550402667328232026944649  524.99007896942811392
 90 0.00000303079218338502885995328790481   574.4099057525514829
 91 0.00000248497364911015800872751161152  634.36484310046357026
 92 0.00000199163709301785562007214465102   708.5898007529496962
 93 0.00000155153426113276799130598255315  802.82209210400702453
 94 0.00000116533051220813398995224104932  926.35071501464362133
 95 0.000000833604115402180225385454101814  1095.2671822353322335
 96 0.000000556845125373792167224434716032  1340.0863665779259159
 97 0.000000335453392587005161564099414078  1726.5688678229315494
 98 0.000000169734556732217130614030451249  2427.2519838971026217
 99 0.0000000598903618312300913947352423699  4086.2179905160065805
100 0.00000000599004551780536760453143287419  12920.667149233684498

Total locked: 50/51
