J_50 eigenvalues -> 1/gamma_n^2 -> gamma_n estimates
  n                         lambda         1/sqrt(lambda)            known gamma        rel err lock
----------------------------------------------------------------------------------------------------
  1 0.00500524412359411607880940123479 14.13472514173469379046     14.134725141734695       8.56e-17 LOCK
  2 0.00226282151146962856021262090205 21.02203963877155499263     21.022039638771556       4.79e-17 LOCK
  3 0.00159861113458987943384650954819 25.01085758014568876321     25.010857580145689       4.94e-17 LOCK
  4 0.00108029499155581621321151495324 30.42487612585951321031     30.424876125859512       3.98e-17 LOCK
  5 0.000921898355351295282620778465392 32.93506158773918969066     32.935061587739192       9.39e-18 LOCK
  6 0.000707853956761129719271929739541 37.58617815882567125722     37.586178158825675       9.96e-17 LOCK
  7 0.000597249701344294179016856268779 40.9187190121474951874     40.918719012147498       1.18e-16 LOCK
  8 0.000532698277695310225694286940996 43.3270732809149995195     43.327073280915002       1.11e-17 LOCK
  9 0.000433934641706922775368732727928 48.00515088116715972794     48.005150881167161       5.67e-18 LOCK
 10 0.000403643382119668317587791330824 49.77383247767230218192     49.773832477672300       4.38e-17 LOCK
 11 0.000356397609699666078796264999584 52.97032147771446064415     52.970321477714464       6.34e-17 LOCK
 12 0.000313855573698768980595211172234 56.44624769706339480437     56.446247697063392       8.51e-17 LOCK
 13 0.00028392381090660664635827093117 59.34704400260235307965     59.347044002602352       5.19e-17 LOCK
 14 0.00027023336672937251178826628197 60.83177852460980984426     60.831778524609817       1.67e-16 LOCK
 15 0.000235868894489911729344352181074 65.11254404808160666088     65.112544048081602       1.02e-16 LOCK
 16 0.000222236989590021743559311856943 67.07981052949417371448     67.079810529494097       1.10e-15 LOCK
 17 0.00020675245278013089511231610383 69.54640171117397925293     69.546401711173999       2.98e-16 LOCK
 18 0.000192541881914029312663839299552 72.06715767448190758534     72.067157652548801       3.04e-10 LOCK
 19 0.000174483522853402540954031365038 75.70469069908398594626     75.704690699083798       2.46e-15 LOCK
 20 0.000168029770393214824974413510741 77.14484006887678675604     77.144840068874799       2.58e-14 LOCK
 21 0.00015887089627599593434123471532 79.33737502031092017087     79.337375020248999       7.80e-13 LOCK
 22 0.000145472927681221377307526802314 82.91038090828210822039     82.910380854086000       6.54e-10 LOCK
 23 0.000139273747387809989939254725089 84.73549472725689580665     84.735492980516995       2.06e-08 LOCK
 24 0.000130835184818336751164129052523 87.42541929713846975516     87.425274613019994       1.65e-06 LOCK
 25 0.000126788208204577313596507148018 88.80973370257907430411     88.809111208019999       7.01e-06 LOCK
 26 0.000116853184708028204919040605439 92.50809196002546365939     92.491899270559998       1.75e-04     
 27 0.000110921574764373865412536704552 94.9493479569543540301     94.651344040520001       3.15e-03     
 28 0.000106212951549426158435912743905 97.03116845160032236286     95.870634228239993       1.21e-02     
 29 0.000100067998245349637968687988869 99.96601820661092378905     98.831194218099995       1.15e-02     
 30 0.0000933066490774858694982623458239 103.5246339475870531169    101.317851005700007       2.18e-02     
 31 0.000087603494209573348047825074245 106.8413299577678739827
 32 0.000079591053087856471522384728837 112.0902594751358898646
 33 0.0000728514967803302108889204241105 117.1603769955352965498
 34 0.0000659741990581922637982623236805 123.115557705411766694
 35 0.0000587953517429775610987002877452 130.4152876352220433305
 36 0.0000522152526533853359793048262872 138.3889161929989202784
 37 0.0000459849815637380674324950068522 147.4660310460540119922
 38 0.0000399770405336303902644476980521 158.1592801821268306581
 39 0.0000342435068904762139300540957375 170.8877307454849115702
 40 0.0000288445574146416534413456155327 186.1950196132168356955
 41 0.0000238241002601583288083674573109 204.8763111566160389145
 42 0.0000192171128081472698758862232173 228.1160958996507813312
 43 0.0000150534096980976599805420414699 257.7404361861627941197
 44 0.0000113588668147679957328537630444 296.7102136689561139341
 45 0.0000081558272563797920344978669515 350.1595622398200969677
 46 0.00000546324408680485601321035793431 427.8334116844005561586
 47 0.00000329671830900017071957752112887 550.7558007334172920143
 48 0.00000166847008118331573433916664522 774.1779333669603846292
 49 0.000000587211395378123181336127103091 1304.976715107694445797
 50 0.0000000577215342049624586645411853808 4162.277842250177412602

Total locked: 25/30
